3.231000000000214101e+01 0.000000000000000000e+00 2.569092141914027039e+01 3.387570206927298955e+01
3.332000000000194007e+01 0.000000000000000000e+00 2.611216436446414590e+01 3.249794906398048511e+01
3.433000000000173912e+01 0.000000000000000000e+00 2.666879974505655326e+01 3.172989299120564155e+01
3.534000000000153818e+01 0.000000000000000000e+00 2.731626895109148023e+01 3.116672344735707512e+01
3.635000000000133724e+01 0.000000000000000000e+00 2.796548152977072377e+01 3.080773632059867140e+01
3.736000000000113630e+01 0.000000000000000000e+00 2.855250468485555970e+01 3.063969754680731938e+01
3.837000000000093536e+01 0.000000000000000000e+00 2.903628092194004751e+01 3.062271005525674994e+01
3.938000000000073442e+01 0.000000000000000000e+00 2.940369002660846931e+01 3.070342843586158565e+01
4.039000000000053348e+01 0.000000000000000000e+00 2.967963064449835286e+01 3.085171824070105728e+01
4.140000000000033253e+01 0.000000000000000000e+00 2.987506713347617193e+01 3.103411386222125401e+01
4.241000000000013159e+01 0.000000000000000000e+00 3.001564186752583652e+01 3.125263776270331206e+01
4.341999999999993065e+01 0.000000000000000000e+00 3.008793729410944096e+01 3.148805960057906717e+01
4.442999999999972971e+01 0.000000000000000000e+00 3.010297237273081095e+01 3.172895078205564801e+01
4.543999999999952877e+01 0.000000000000000000e+00 3.006249521131290336e+01 3.195076718431500495e+01
4.644999999999932783e+01 0.000000000000000000e+00 2.997638726865844916e+01 3.213652003574883054e+01
4.745999999999912689e+01 0.000000000000000000e+00 2.984738898809330010e+01 3.228880482145113007e+01
4.846999999999892594e+01 0.000000000000000000e+00 2.970376233389783494e+01 3.238477445873677851e+01
4.947999999999872500e+01 0.000000000000000000e+00 2.954594967414735152e+01 3.243957897488500919e+01
5.048999999999852406e+01 0.000000000000000000e+00 2.938634396025429751e+01 3.244841256972881638e+01
5.149999999999832312e+01 0.000000000000000000e+00 2.921771646158318703e+01 3.240835450574041943e+01
5.250999999999812218e+01 0.000000000000000000e+00 2.905625136162477062e+01 3.231951746802602088e+01
5.351999999999792124e+01 0.000000000000000000e+00 2.890879643647243569e+01 3.217407966499354899e+01
5.452999999999772029e+01 0.000000000000000000e+00 2.879333673465563592e+01 3.197875394819669381e+01
5.553999999999751935e+01 0.000000000000000000e+00 2.873252953982404989e+01 3.174999887462114145e+01
5.654999999999731841e+01 0.000000000000000000e+00 2.873593094760308375e+01 3.150860490293833394e+01
5.755999999999711747e+01 0.000000000000000000e+00 2.880847638486911322e+01 3.126513074459312946e+01
5.856999999999691653e+01 0.000000000000000000e+00 2.894702944466985883e+01 3.103476081939389175e+01
5.957999999999671559e+01 0.000000000000000000e+00 2.916115793305401382e+01 3.082598056946456921e+01
6.058999999999651465e+01 0.000000000000000000e+00 2.944919731622196579e+01 3.065588866760337439e+01
6.159999999999631370e+01 0.000000000000000000e+00 2.980469359998653900e+01 3.054176260559246003e+01
6.260999999999611276e+01 0.000000000000000000e+00 3.020571731757515366e+01 3.050339991677030937e+01
6.361999999999591182e+01 0.000000000000000000e+00 3.063322146492338405e+01 3.055258364518254766e+01
6.462999999999615852e+01 0.000000000000000000e+00 3.106824452502803169e+01 3.068451631834800963e+01
6.563999999999667523e+01 0.000000000000000000e+00 3.149066336902824048e+01 3.089836724034257642e+01
6.664999999999719194e+01 0.000000000000000000e+00 3.186460666998159397e+01 3.117248954271371986e+01
6.765999999999770864e+01 0.000000000000000000e+00 3.219077106686879119e+01 3.150454622685917272e+01
6.866999999999822535e+01 0.000000000000000000e+00 3.245401148764199206e+01 3.187989617216408078e+01
6.967999999999874206e+01 0.000000000000000000e+00 3.262979457446866860e+01 3.226650368152125736e+01
7.068999999999925876e+01 0.000000000000000000e+00 3.273316708173363310e+01 3.265263536108016496e+01
7.169999999999977547e+01 0.000000000000000000e+00 3.274886992278629094e+01 3.301321237937170139e+01
7.271000000000029218e+01 0.000000000000000000e+00 3.269399842894924291e+01 3.332515431503099279e+01
7.372000000000080888e+01 0.000000000000000000e+00 3.258516413826735203e+01 3.358160088857449210e+01
7.473000000000132559e+01 0.000000000000000000e+00 3.243898227947472179e+01 3.377850824763277870e+01
7.574000000000184230e+01 0.000000000000000000e+00 3.227740729615234727e+01 3.390682072056605278e+01
7.675000000000235900e+01 0.000000000000000000e+00 3.210000139704552424e+01 3.399076039552409867e+01
7.776000000000287571e+01 0.000000000000000000e+00 3.193089291818250786e+01 3.401661954291363088e+01
7.877000000000339242e+01 0.000000000000000000e+00 3.177326174277449766e+01 3.399955404246017565e+01
7.978000000000390912e+01 0.000000000000000000e+00 3.164086879993306312e+01 3.394285475748404934e+01
8.079000000000442583e+01 0.000000000000000000e+00 3.152062891786349752e+01 3.385206213439503387e+01
8.180000000000494254e+01 0.000000000000000000e+00 3.143418057319128067e+01 3.373380577917098577e+01
8.281000000000545924e+01 0.000000000000000000e+00 3.137306797461669916e+01 3.357166256623962397e+01
8.382000000000597595e+01 0.000000000000000000e+00 3.135404756609358756e+01 3.337567270205486381e+01
8.483000000000649266e+01 0.000000000000000000e+00 3.139255900182082826e+01 3.315788111740397426e+01
8.584000000000700936e+01 0.000000000000000000e+00 3.149019277058977551e+01 3.294368640412906046e+01
8.685000000000752607e+01 0.000000000000000000e+00 3.165949673920892948e+01 3.274550521605721798e+01
8.786000000000804278e+01 0.000000000000000000e+00 3.187445403952826339e+01 3.260415313125419345e+01
8.887000000000855948e+01 0.000000000000000000e+00 3.213274222308184846e+01 3.250855714612713143e+01
8.988000000000907619e+01 0.000000000000000000e+00 3.241660229232567758e+01 3.248643824963911442e+01
9.089000000000959290e+01 0.000000000000000000e+00 3.271234742991450162e+01 3.253971707540227953e+01
9.190000000001010960e+01 0.000000000000000000e+00 3.300000636910652929e+01 3.266856456769609451e+01
9.291000000001062631e+01 0.000000000000000000e+00 3.325404086867570896e+01 3.286525028260898296e+01
9.392000000001114302e+01 0.000000000000000000e+00 3.346082088887523298e+01 3.312322623202310012e+01
9.493000000001165972e+01 0.000000000000000000e+00 3.360933400430756279e+01 3.343285701590919956e+01
9.594000000001217643e+01 0.000000000000000000e+00 3.369293453638032787e+01 3.378162095675548215e+01
9.695000000001269314e+01 0.000000000000000000e+00 3.369996963921246902e+01 3.414089963150087215e+01
9.796000000001320984e+01 0.000000000000000000e+00 3.362432067370059485e+01 3.450416733704803818e+01
9.897000000001372655e+01 0.000000000000000000e+00 3.348869684341202912e+01 3.482639116029731241e+01
9.998000000001424326e+01 0.000000000000000000e+00 3.328217117065413788e+01 3.511518260981879536e+01
1.009900000000147600e+02 0.000000000000000000e+00 3.302627024759082275e+01 3.534870610121047463e+01
1.020000000000152767e+02 0.000000000000000000e+00 3.273284289896817967e+01 3.552047838250557987e+01
1.030100000000157934e+02 0.000000000000000000e+00 3.242726063747361565e+01 3.561317858745518805e+01
1.040200000000163101e+02 0.000000000000000000e+00 3.212496781966600423e+01 3.563652235691694159e+01
1.050300000000168268e+02 0.000000000000000000e+00 3.184388026829632778e+01 3.559234751204203206e+01
1.060400000000173435e+02 0.000000000000000000e+00 3.160311919763194055e+01 3.549576667362904203e+01
1.070500000000178602e+02 0.000000000000000000e+00 3.140168910522456613e+01 3.534408442732533473e+01
1.080600000000183769e+02 0.000000000000000000e+00 3.124750319832276446e+01 3.515957190180948544e+01
1.090700000000188936e+02 0.000000000000000000e+00 3.116115955864745857e+01 3.496060661147637916e+01
1.100800000000194103e+02 0.000000000000000000e+00 3.112503389209290461e+01 3.474693723575536097e+01
1.110900000000199270e+02 0.000000000000000000e+00 3.114206213155529213e+01 3.454353173144793487e+01
1.121000000000204437e+02 0.000000000000000000e+00 3.120593649389876134e+01 3.436123466090924694e+01
1.131100000000209604e+02 0.000000000000000000e+00 3.132167630111370471e+01 3.419487940290735395e+01
1.141200000000214771e+02 0.000000000000000000e+00 3.147841710101165802e+01 3.406280889966190983e+01
1.151300000000219939e+02 0.000000000000000000e+00 3.167911070046886479e+01 3.396732778939751540e+01
1.161400000000225106e+02 0.000000000000000000e+00 3.190792499647575653e+01 3.392874857462338412e+01
1.171500000000230273e+02 0.000000000000000000e+00 3.214936780160983432e+01 3.394808405874555746e+01
1.181600000000235440e+02 0.000000000000000000e+00 3.238551894281097532e+01 3.403076730931388028e+01
1.191700000000240607e+02 0.000000000000000000e+00 3.260329943703425215e+01 3.417954830614556272e+01
1.201800000000245774e+02 0.000000000000000000e+00 3.278694021274121440e+01 3.438570794548802212e+01
1.211900000000250941e+02 0.000000000000000000e+00 3.291225077702160462e+01 3.463603417733327916e+01
1.222000000000256108e+02 0.000000000000000000e+00 3.297986829398613651e+01 3.491875206809946519e+01
1.232100000000261275e+02 0.000000000000000000e+00 3.297227896907214273e+01 3.521668544423848601e+01
1.242200000000266442e+02 0.000000000000000000e+00 3.288987494033919745e+01 3.551112448672692068e+01
1.252300000000271609e+02 0.000000000000000000e+00 3.274974028862047248e+01 3.577260802818751984e+01
1.262400000000276776e+02 0.000000000000000000e+00 3.253879581609549376e+01 3.600438012206757321e+01
1.272500000000281943e+02 0.000000000000000000e+00 3.228354370858372846e+01 3.617519910265420435e+01
1.282600000000283273e+02 0.000000000000000000e+00 3.198740138988363313e+01 3.629051942440336376e+01
1.292700000000274088e+02 0.000000000000000000e+00 3.167474581355325469e+01 3.633311612514163613e+01
1.302800000000264902e+02 0.000000000000000000e+00 3.136353845133906759e+01 3.630582719422280746e+01
1.312900000000255716e+02 0.000000000000000000e+00 3.106915692804343010e+01 3.620848904117268319e+01
1.323000000000246530e+02 0.000000000000000000e+00 3.080942997967016694e+01 3.604885841013021519e+01
1.333100000000237344e+02 0.000000000000000000e+00 3.059898799341229036e+01 3.583872296335589169e+01
1.343200000000228158e+02 0.000000000000000000e+00 3.044336429152414070e+01 3.559017439645097625e+01
1.353300000000218972e+02 0.000000000000000000e+00 3.035539407305043724e+01 3.531935172962921854e+01
1.363400000000209786e+02 0.000000000000000000e+00 3.033281862453273803e+01 3.504084750750939747e+01
1.373500000000200600e+02 0.000000000000000000e+00 3.037705541389371788e+01 3.477299157195926682e+01
1.383600000000191415e+02 0.000000000000000000e+00 3.047467635090817950e+01 3.453806085579854113e+01
1.393700000000182229e+02 0.000000000000000000e+00 3.062788660540776320e+01 3.433937919876580480e+01
1.403800000000173043e+02 0.000000000000000000e+00 3.081849214340403265e+01 3.418606953142720783e+01
1.413900000000163857e+02 0.000000000000000000e+00 3.103799906313191315e+01 3.408830180194514980e+01
1.424000000000154671e+02 0.000000000000000000e+00 3.127293168487538821e+01 3.404661063210922833e+01
1.434100000000145485e+02 0.000000000000000000e+00 3.150800901806611876e+01 3.406805122051739687e+01
1.444200000000136299e+02 0.000000000000000000e+00 3.172595045029015637e+01 3.414615862946103420e+01
1.454300000000127113e+02 0.000000000000000000e+00 3.191204187942139114e+01 3.427095901307572490e+01
1.464400000000117927e+02 0.000000000000000000e+00 3.207135003291666209e+01 3.445183536390162971e+01
1.474500000000108741e+02 0.000000000000000000e+00 3.218330878015403584e+01 3.467306270365833853e+01
1.484600000000099556e+02 0.000000000000000000e+00 3.224052307929353844e+01 3.492019533892754879e+01
1.494700000000090370e+02 0.000000000000000000e+00 3.222934934753118341e+01 3.517830193290514984e+01
1.504800000000081184e+02 0.000000000000000000e+00 3.215010457425828605e+01 3.543258326724912166e+01
1.514900000000071998e+02 0.000000000000000000e+00 3.201710898202815514e+01 3.565830327051003223e+01
1.525000000000062812e+02 0.000000000000000000e+00 3.182065867545097859e+01 3.585272690045621147e+01
1.535100000000053626e+02 0.000000000000000000e+00 3.157760761051831722e+01 3.600222056537791815e+01
1.545200000000044440e+02 0.000000000000000000e+00 3.130574943872687044e+01 3.607862056247522275e+01
1.555300000000035254e+02 0.000000000000000000e+00 3.101474957434501434e+01 3.609123076217863257e+01
1.565400000000026068e+02 0.000000000000000000e+00 3.073201566861424539e+01 3.603748866121352989e+01
1.575500000000016882e+02 0.000000000000000000e+00 3.046997711730401903e+01 3.591385377125071443e+01
1.585600000000007697e+02 0.000000000000000000e+00 3.024375469959679918e+01 3.573519066736385241e+01
1.595699999999998511e+02 0.000000000000000000e+00 3.007137475659560621e+01 3.550710555683781422e+01
1.605799999999989325e+02 0.000000000000000000e+00 2.995098926369154668e+01 3.523823984782360696e+01
1.615899999999980139e+02 0.000000000000000000e+00 2.989998852557601694e+01 3.495123166252752611e+01
1.625999999999970953e+02 0.000000000000000000e+00 2.991597927688043868e+01 3.466489698167324462e+01
1.636099999999961767e+02 0.000000000000000000e+00 2.999402978704398848e+01 3.439749700783474395e+01
1.646199999999952581e+02 0.000000000000000000e+00 3.014172969553596104e+01 3.415406832032153517e+01
1.656299999999943395e+02 0.000000000000000000e+00 3.033670427879317444e+01 3.395404813908692176e+01
1.666399999999934209e+02 0.000000000000000000e+00 3.057106028250284169e+01 3.381006714783472233e+01
1.676499999999925024e+02 0.000000000000000000e+00 3.083231426466543112e+01 3.372404130552341428e+01
1.686599999999915838e+02 0.000000000000000000e+00 3.110215394786763099e+01 3.370660794605225163e+01
1.696699999999906652e+02 0.000000000000000000e+00 3.136213693283540849e+01 3.374970222906303263e+01
1.706799999999897466e+02 0.000000000000000000e+00 3.160426177438445805e+01 3.386190976306968281e+01
1.716899999999888280e+02 0.000000000000000000e+00 3.180690341239168717e+01 3.401850655866130779e+01
1.726999999999879094e+02 0.000000000000000000e+00 3.196619727211713169e+01 3.422385249767081206e+01
1.737099999999869908e+02 0.000000000000000000e+00 3.206633301370840172e+01 3.445902992476928972e+01
1.747199999999860722e+02 0.000000000000000000e+00 3.210589899955234472e+01 3.471301489747655467e+01
1.757299999999851536e+02 0.000000000000000000e+00 3.208314510249303453e+01 3.496751079953931196e+01
1.767399999999842350e+02 0.000000000000000000e+00 3.200397066031295168e+01 3.520177295249479954e+01
1.777499999999833165e+02 0.000000000000000000e+00 3.185910549300870898e+01 3.541311652091102502e+01
1.787599999999823979e+02 0.000000000000000000e+00 3.166925787989887908e+01 3.558410887975989567e+01
1.797699999999814793e+02 0.000000000000000000e+00 3.143713789269493120e+01 3.570746568829900980e+01
1.807799999999805607e+02 0.000000000000000000e+00 3.118003326223606209e+01 3.577010346992320677e+01
1.817899999999796421e+02 0.000000000000000000e+00 3.091454037545411637e+01 3.576657885218524768e+01
1.827999999999787235e+02 0.000000000000000000e+00 3.065502199264994942e+01 3.569497670471613304e+01
1.838099999999778049e+02 0.000000000000000000e+00 3.041871645528150125e+01 3.556341654274795872e+01
1.848199999999768863e+02 0.000000000000000000e+00 3.021576264839117698e+01 3.537419372184693600e+01
1.858299999999759677e+02 0.000000000000000000e+00 3.006810523355905573e+01 3.514272854493361820e+01
1.868399999999750491e+02 0.000000000000000000e+00 2.997538595120679972e+01 3.487806651765586707e+01
1.878499999999741306e+02 0.000000000000000000e+00 2.995303942921430362e+01 3.459831661149843285e+01
1.888599999999732120e+02 0.000000000000000000e+00 2.999435404523826776e+01 3.432217049786676455e+01
1.898699999999722934e+02 0.000000000000000000e+00 3.010847872365006950e+01 3.406104957848450709e+01
1.908799999999713748e+02 0.000000000000000000e+00 3.027070064620361478e+01 3.384179245046022544e+01
1.918899999999704562e+02 0.000000000000000000e+00 3.048641752466255639e+01 3.366449947672085585e+01
1.928999999999695376e+02 0.000000000000000000e+00 3.074148802135032099e+01 3.354120837326785676e+01
1.939099999999686190e+02 0.000000000000000000e+00 3.101596895446375513e+01 3.348325886972768473e+01
1.949199999999677004e+02 0.000000000000000000e+00 3.129053896136997537e+01 3.349316926414221740e+01
1.959299999999667818e+02 0.000000000000000000e+00 3.155384083840605314e+01 3.357305630196071178e+01
1.969399999999658633e+02 0.000000000000000000e+00 3.178793648040553421e+01 3.370767943579672021e+01
1.979499999999649447e+02 0.000000000000000000e+00 3.198514103027449096e+01 3.389836487135364962e+01
1.989599999999640261e+02 0.000000000000000000e+00 3.212217328358416069e+01 3.412408771922601147e+01
1.999699999999631075e+02 0.000000000000000000e+00 3.220808638926979484e+01 3.438116584958900290e+01
